0,1,2,3,4,5,6,7,8,9,10,11,12,13,14,15,90,90,90,90,90,90,90,90,1
0,1,2,3,4,5,6,7,8,9,10,11,12,13,14,15,160,90,80,150,160,90,80,150,2
0,1,2,3,4,5,6,7,8,9,10,11,12,13,14,15,180,80,80,180,180,80,80,180,3
0,1,2,3,4,5,6,7,8,9,10,11,12,13,14,15,180,80,80,180,180,80,80,180,4
0,1,2,3,4,5,6,7,8,9,10,11,12,13,14,15,160,90,80,150,160,90,80,150,5
0,1,2,3,4,5,6,7,8,9,10,11,12,13,14,15,90,90,90,90,90,90,90,90,6
0,1,2,3,4,5,6,7,8,9,10,11,12,13,14,15,80,150,160,90,80,150,160,90,7
0,1,2,3,4,5,6,7,8,9,10,11,12,13,14,15,80,180,180,80,80,180,180,80,8
0,1,2,3,4,5,6,7,8,9,10,11,12,13,14,15,80,180,180,80,80,180,180,80,9
0,1,2,3,4,5,6,7,8,9,10,11,12,13,14,15,80,150,160,90,80,150,160,90,10
0,1,2,3,4,5,6,7,8,9,10,11,12,13,14,15,90,90,90,90,90,90,90,90,11
0,1,2,3,4,5,6,7,8,9,10,11,12,13,14,15,160,90,80,150,160,90,80,150,12
0,1,2,3,4,5,6,7,8,9,10,11,12,13,14,15,180,80,80,180,180,80,80,180,13
0,1,2,3,4,5,6,7,8,9,10,11,12,13,14,15,180,80,80,180,180,80,80,180,14
0,1,2,3,4,5,6,7,8,9,10,11,12,13,14,15,160,90,80,150,160,90,80,150,15
0,1,2,3,4,5,6,7,8,9,10,11,12,13,14,15,90,90,90,90,90,90,90,90,16
0,1,2,3,4,5,6,7,8,9,10,11,12,13,14,15,80,150,160,90,80,150,160,90,17
0,1,2,3,4,5,6,7,8,9,10,11,12,13,14,15,80,180,180,80,80,180,180,80,18
0,1,2,3,4,5,6,7,8,9,10,11,12,13,14,15,80,180,180,80,80,180,180,80,19
0,1,2,3,4,5,6,7,8,9,10,11,12,13,14,15,80,150,160,90,80,150,160,90,20
0,1,2,3,4,5,6,7,8,9,10,11,12,13,14,15,90,90,90,90,90,90,90,90,21
0,1,2,3,4,5,6,7,8,9,10,11,12,13,14,15,160,90,80,150,160,90,80,150,22
0,1,2,3,4,5,6,7,8,9,10,11,12,13,14,15,180,80,80,180,180,80,80,180,23
0,1,2,3,4,5,6,7,8,9,10,11,12,13,14,15,180,80,80,180,180,80,80,180,24
0,1,2,3,4,5,6,7,8,9,10,11,12,13,14,15,160,90,80,150,160,90,80,150,25
0,1,2,3,4,5,6,7,8,9,10,11,12,13,14,15,90,90,90,90,90,90,90,90,26
0,1,2,3,4,5,6,7,8,9,10,11,12,13,14,15,80,150,160,90,80,150,160,90,27
0,1,2,3,4,5,6,7,8,9,10,11,12,13,14,15,80,180,180,80,80,180,180,80,28
0,1,2,3,4,5,6,7,8,9,10,11,12,13,14,15,80,180,180,80,80,180,180,80,29
0,1,2,3,4,5,6,7,8,9,10,11,12,13,14,15,80,150,160,90,80,150,160,90,30
0,1,2,3,4,5,6,7,8,9,10,11,12,13,14,15,90,90,90,90,90,90,90,90,1
0,1,2,3,4,5,6,7,8,9,10,11,12,13,14,15,160,90,80,150,160,90,80,150,2
0,1,2,3,4,5,6,7,8,9,10,11,12,13,14,15,180,80,80,180,180,80,80,180,3
0,1,2,3,4,5,6,7,8,9,10,11,12,13,14,15,180,80,80,180,180,80,80,180,4
0,1,2,3,4,5,6,7,8,9,10,11,12,13,14,15,160,90,80,150,160,90,80,150,5
0,1,2,3,4,5,6,7,8,9,10,11,12,13,14,15,90,90,90,90,90,90,90,90,6
0,1,2,3,4,5,6,7,8,9,10,11,12,13,14,15,80,150,160,90,80,150,160,90,7
0,1,2,3,4,5,6,7,8,9,10,11,12,13,14,15,80,180,180,80,80,180,180,80,8
0,1,2,3,4,5,6,7,8,9,10,11,12,13,14,15,80,180,180,80,80,180,180,80,9
0,1,2,3,4,5,6,7,8,9,10,11,12,13,14,15,80,150,160,90,80,150,160,90,10
0,1,2,3,4,5,6,7,8,9,10,11,12,13,14,15,90,90,90,90,90,90,90,90,11
0,1,2,3,4,5,6,7,8,9,10,11,12,13,14,15,160,90,80,150,160,90,80,150,12
0,1,2,3,4,5,6,7,8,9,10,11,12,13,14,15,180,80,80,180,180,80,80,180,13
0,1,2,3,4,5,6,7,8,9,10,11,12,13,14,15,180,80,80,180,180,80,80,180,14
0,1,2,3,4,5,6,7,8,9,10,11,12,13,14,15,160,90,80,150,160,90,80,150,15
0,1,2,3,4,5,6,7,8,9,10,11,12,13,14,15,90,90,90,90,90,90,90,90,16
0,1,2,3,4,5,6,7,8,9,10,11,12,13,14,15,80,150,160,90,80,150,160,90,17
0,1,2,3,4,5,6,7,8,9,10,11,12,13,14,15,80,180,180,80,80,180,180,80,18
0,1,2,3,4,5,6,7,8,9,10,11,12,13,14,15,80,180,180,80,80,180,180,80,19
0,1,2,3,4,5,6,7,8,9,10,11,12,13,14,15,80,150,160,90,80,150,160,90,20
0,1,2,3,4,5,6,7,8,9,10,11,12,13,14,15,90,90,90,90,90,90,90,90,21
0,1,2,3,4,5,6,7,8,9,10,11,12,13,14,15,160,90,80,150,160,90,80,150,22
0,1,2,3,4,5,6,7,8,9,10,11,12,13,14,15,180,80,80,180,180,80,80,180,23
0,1,2,3,4,5,6,7,8,9,10,11,12,13,14,15,180,80,80,180,180,80,80,180,24
0,1,2,3,4,5,6,7,8,9,10,11,12,13,14,15,160,90,80,150,160,90,80,150,25
0,1,2,3,4,5,6,7,8,9,10,11,12,13,14,15,90,90,90,90,90,90,90,90,26
0,1,2,3,4,5,6,7,8,9,10,11,12,13,14,15,80,150,160,90,80,150,160,90,27
0,1,2,3,4,5,6,7,8,9,10,11,12,13,14,15,80,180,180,80,80,180,180,80,28
0,1,2,3,4,5,6,7,8,9,10,11,12,13,14,15,80,180,180,80,80,180,180,80,29
0,1,2,3,4,5,6,7,8,9,10,11,12,13,14,15,80,150,160,90,80,150,160,90,30
0,1,2,3,4,5,6,7,8,9,10,11,12,13,14,15,90,90,90,90,90,90,90,90,1
0,1,2,3,4,5,6,7,8,9,10,11,12,13,14,15,160,90,80,150,160,90,80,150,2
0,1,2,3,4,5,6,7,8,9,10,11,12,13,14,15,180,80,80,180,180,80,80,180,3
0,1,2,3,4,5,6,7,8,9,10,11,12,13,14,15,180,80,80,180,180,80,80,180,4
0,1,2,3,4,5,6,7,8,9,10,11,12,13,14,15,160,90,80,150,160,90,80,150,5
0,1,2,3,4,5,6,7,8,9,10,11,12,13,14,15,90,90,90,90,90,90,90,90,6
0,1,2,3,4,5,6,7,8,9,10,11,12,13,14,15,80,150,160,90,80,150,160,90,7
0,1,2,3,4,5,6,7,8,9,10,11,12,13,14,15,80,180,180,80,80,180,180,80,8
0,1,2,3,4,5,6,7,8,9,10,11,12,13,14,15,80,180,180,80,80,180,180,80,9
0,1,2,3,4,5,6,7,8,9,10,11,12,13,14,15,80,150,160,90,80,150,160,90,10
0,1,2,3,4,5,6,7,8,9,10,11,12,13,14,15,90,90,90,90,90,90,90,90,11
0,1,2,3,4,5,6,7,8,9,10,11,12,13,14,15,160,90,80,150,160,90,80,150,12
0,1,2,3,4,5,6,7,8,9,10,11,12,13,14,15,180,80,80,180,180,80,80,180,13
0,1,2,3,4,5,6,7,8,9,10,11,12,13,14,15,180,80,80,180,180,80,80,180,14
0,1,2,3,4,5,6,7,8,9,10,11,12,13,14,15,160,90,80,150,160,90,80,150,15
0,1,2,3,4,5,6,7,8,9,10,11,12,13,14,15,90,90,90,90,90,90,90,90,16
0,1,2,3,4,5,6,7,8,9,10,11,12,13,14,15,80,150,160,90,80,150,160,90,17
0,1,2,3,4,5,6,7,8,9,10,11,12,13,14,15,80,180,180,80,80,180,180,80,18
0,1,2,3,4,5,6,7,8,9,10,11,12,13,14,15,80,180,180,80,80,180,180,80,19
0,1,2,3,4,5,6,7,8,9,10,11,12,13,14,15,80,150,160,90,80,150,160,90,20
0,1,2,3,4,5,6,7,8,9,10,11,12,13,14,15,90,90,90,90,90,90,90,90,21
0,1,2,3,4,5,6,7,8,9,10,11,12,13,14,15,160,90,80,150,160,90,80,150,22
0,1,2,3,4,5,6,7,8,9,10,11,12,13,14,15,180,80,80,180,180,80,80,180,23
0,1,2,3,4,5,6,7,8,9,10,11,12,13,14,15,180,80,80,180,180,80,80,180,24
0,1,2,3,4,5,6,7,8,9,10,11,12,13,14,15,160,90,80,150,160,90,80,150,25
0,1,2,3,4,5,6,7,8,9,10,11,12,13,14,15,90,90,90,90,90,90,90,90,26
0,1,2,3,4,5,6,7,8,9,10,11,12,13,14,15,80,150,160,90,80,150,160,90,27
0,1,2,3,4,5,6,7,8,9,10,11,12,13,14,15,80,180,180,80,80,180,180,80,28
0,1,2,3,4,5,6,7,8,9,10,11,12,13,14,15,80,180,180,80,80,180,180,80,29
0,1,2,3,4,5,6,7,8,9,10,11,12,13,14,15,80,150,160,90,80,150,160,90,30