0,1,2,3,4,5,6,7,8,9,10,11,12,13,14,15,122,165,52,25,122,165,52,25,1
0,1,2,3,4,5,6,7,8,9,10,11,12,13,14,15,100,180,80,0,100,180,80,0,2
0,1,2,3,4,5,6,7,8,9,10,11,12,13,14,15,20,180,52,0,20,180,52,0,3
0,1,2,3,4,5,6,7,8,9,10,11,12,13,14,15,20,0,174,54,20,0,174,54,4
0,1,2,3,4,5,6,7,8,9,10,11,12,13,14,15,10,60,80,144,10,60,80,144,5
0,1,2,3,4,5,6,7,8,9,10,11,12,13,14,15,52,25,122,165,52,25,122,165,6
0,1,2,3,4,5,6,7,8,9,10,11,12,13,14,15,80,0,100,180,80,0,100,180,7
0,1,2,3,4,5,6,7,8,9,10,11,12,13,14,15,52,0,20,180,52,0,20,180,8
0,1,2,3,4,5,6,7,8,9,10,11,12,13,14,15,174,54,20,0,174,54,20,0,9
0,1,2,3,4,5,6,7,8,9,10,11,12,13,14,15,80,144,10,60,80,144,10,60,10
0,1,2,3,4,5,6,7,8,9,10,11,12,13,14,15,122,165,52,25,122,165,52,25,11
0,1,2,3,4,5,6,7,8,9,10,11,12,13,14,15,100,180,80,0,100,180,80,0,12
0,1,2,3,4,5,6,7,8,9,10,11,12,13,14,15,20,180,52,0,20,180,52,0,13
0,1,2,3,4,5,6,7,8,9,10,11,12,13,14,15,20,0,174,54,20,0,174,54,14
0,1,2,3,4,5,6,7,8,9,10,11,12,13,14,15,10,60,80,144,10,60,80,144,15
0,1,2,3,4,5,6,7,8,9,10,11,12,13,14,15,52,25,122,165,52,25,122,165,16
0,1,2,3,4,5,6,7,8,9,10,11,12,13,14,15,80,0,100,180,80,0,100,180,17
0,1,2,3,4,5,6,7,8,9,10,11,12,13,14,15,52,0,20,180,52,0,20,180,18
0,1,2,3,4,5,6,7,8,9,10,11,12,13,14,15,174,54,20,0,174,54,20,0,19
0,1,2,3,4,5,6,7,8,9,10,11,12,13,14,15,80,144,10,60,80,144,10,60,20
0,1,2,3,4,5,6,7,8,9,10,11,12,13,14,15,122,165,52,25,122,165,52,25,21
0,1,2,3,4,5,6,7,8,9,10,11,12,13,14,15,100,180,80,0,100,180,80,0,22
0,1,2,3,4,5,6,7,8,9,10,11,12,13,14,15,20,180,52,0,20,180,52,0,23
0,1,2,3,4,5,6,7,8,9,10,11,12,13,14,15,20,0,174,54,20,0,174,54,24
0,1,2,3,4,5,6,7,8,9,10,11,12,13,14,15,10,60,80,144,10,60,80,144,25
0,1,2,3,4,5,6,7,8,9,10,11,12,13,14,15,52,25,122,165,52,25,122,165,26
0,1,2,3,4,5,6,7,8,9,10,11,12,13,14,15,80,0,100,180,80,0,100,180,27
0,1,2,3,4,5,6,7,8,9,10,11,12,13,14,15,52,0,20,180,52,0,20,180,28
0,1,2,3,4,5,6,7,8,9,10,11,12,13,14,15,174,54,20,0,174,54,20,0,29
0,1,2,3,4,5,6,7,8,9,10,11,12,13,14,15,80,144,10,60,80,144,10,60,30
0,1,2,3,4,5,6,7,8,9,10,11,12,13,14,15,122,165,52,25,122,165,52,25,1
0,1,2,3,4,5,6,7,8,9,10,11,12,13,14,15,100,180,80,0,100,180,80,0,2
0,1,2,3,4,5,6,7,8,9,10,11,12,13,14,15,20,180,52,0,20,180,52,0,3
0,1,2,3,4,5,6,7,8,9,10,11,12,13,14,15,20,0,174,54,20,0,174,54,4
0,1,2,3,4,5,6,7,8,9,10,11,12,13,14,15,10,60,80,144,10,60,80,144,5
0,1,2,3,4,5,6,7,8,9,10,11,12,13,14,15,52,25,122,165,52,25,122,165,6
0,1,2,3,4,5,6,7,8,9,10,11,12,13,14,15,80,0,100,180,80,0,100,180,7
0,1,2,3,4,5,6,7,8,9,10,11,12,13,14,15,52,0,20,180,52,0,20,180,8
0,1,2,3,4,5,6,7,8,9,10,11,12,13,14,15,174,54,20,0,174,54,20,0,9
0,1,2,3,4,5,6,7,8,9,10,11,12,13,14,15,80,144,10,60,80,144,10,60,10
0,1,2,3,4,5,6,7,8,9,10,11,12,13,14,15,122,165,52,25,122,165,52,25,11
0,1,2,3,4,5,6,7,8,9,10,11,12,13,14,15,100,180,80,0,100,180,80,0,12
0,1,2,3,4,5,6,7,8,9,10,11,12,13,14,15,20,180,52,0,20,180,52,0,13
0,1,2,3,4,5,6,7,8,9,10,11,12,13,14,15,20,0,174,54,20,0,174,54,14
0,1,2,3,4,5,6,7,8,9,10,11,12,13,14,15,10,60,80,144,10,60,80,144,15
0,1,2,3,4,5,6,7,8,9,10,11,12,13,14,15,52,25,122,165,52,25,122,165,16
0,1,2,3,4,5,6,7,8,9,10,11,12,13,14,15,80,0,100,180,80,0,100,180,17
0,1,2,3,4,5,6,7,8,9,10,11,12,13,14,15,52,0,20,180,52,0,20,180,18
0,1,2,3,4,5,6,7,8,9,10,11,12,13,14,15,174,54,20,0,174,54,20,0,19
0,1,2,3,4,5,6,7,8,9,10,11,12,13,14,15,80,144,10,60,80,144,10,60,20
0,1,2,3,4,5,6,7,8,9,10,11,12,13,14,15,122,165,52,25,122,165,52,25,21
0,1,2,3,4,5,6,7,8,9,10,11,12,13,14,15,100,180,80,0,100,180,80,0,22
0,1,2,3,4,5,6,7,8,9,10,11,12,13,14,15,20,180,52,0,20,180,52,0,23
0,1,2,3,4,5,6,7,8,9,10,11,12,13,14,15,20,0,174,54,20,0,174,54,24
0,1,2,3,4,5,6,7,8,9,10,11,12,13,14,15,10,60,80,144,10,60,80,144,25
0,1,2,3,4,5,6,7,8,9,10,11,12,13,14,15,52,25,122,165,52,25,122,165,26
0,1,2,3,4,5,6,7,8,9,10,11,12,13,14,15,80,0,100,180,80,0,100,180,27
0,1,2,3,4,5,6,7,8,9,10,11,12,13,14,15,52,0,20,180,52,0,20,180,28
0,1,2,3,4,5,6,7,8,9,10,11,12,13,14,15,174,54,20,0,174,54,20,0,29
0,1,2,3,4,5,6,7,8,9,10,11,12,13,14,15,80,144,10,60,80,144,10,60,30
0,1,2,3,4,5,6,7,8,9,10,11,12,13,14,15,122,165,52,25,122,165,52,25,1
0,1,2,3,4,5,6,7,8,9,10,11,12,13,14,15,100,180,80,0,100,180,80,0,2
0,1,2,3,4,5,6,7,8,9,10,11,12,13,14,15,20,180,52,0,20,180,52,0,3
0,1,2,3,4,5,6,7,8,9,10,11,12,13,14,15,20,0,174,54,20,0,174,54,4
0,1,2,3,4,5,6,7,8,9,10,11,12,13,14,15,10,60,80,144,10,60,80,144,5
0,1,2,3,4,5,6,7,8,9,10,11,12,13,14,15,52,25,122,165,52,25,122,165,6
0,1,2,3,4,5,6,7,8,9,10,11,12,13,14,15,80,0,100,180,80,0,100,180,7
0,1,2,3,4,5,6,7,8,9,10,11,12,13,14,15,52,0,20,180,52,0,20,180,8
0,1,2,3,4,5,6,7,8,9,10,11,12,13,14,15,174,54,20,0,174,54,20,0,9
0,1,2,3,4,5,6,7,8,9,10,11,12,13,14,15,80,144,10,60,80,144,10,60,10
0,1,2,3,4,5,6,7,8,9,10,11,12,13,14,15,122,165,52,25,122,165,52,25,11
0,1,2,3,4,5,6,7,8,9,10,11,12,13,14,15,100,180,80,0,100,180,80,0,12
0,1,2,3,4,5,6,7,8,9,10,11,12,13,14,15,20,180,52,0,20,180,52,0,13
0,1,2,3,4,5,6,7,8,9,10,11,12,13,14,15,20,0,174,54,20,0,174,54,14
0,1,2,3,4,5,6,7,8,9,10,11,12,13,14,15,10,60,80,144,10,60,80,144,15
0,1,2,3,4,5,6,7,8,9,10,11,12,13,14,15,52,25,122,165,52,25,122,165,16
0,1,2,3,4,5,6,7,8,9,10,11,12,13,14,15,80,0,100,180,80,0,100,180,17
0,1,2,3,4,5,6,7,8,9,10,11,12,13,14,15,52,0,20,180,52,0,20,180,18
0,1,2,3,4,5,6,7,8,9,10,11,12,13,14,15,174,54,20,0,174,54,20,0,19
0,1,2,3,4,5,6,7,8,9,10,11,12,13,14,15,80,144,10,60,80,144,10,60,20
0,1,2,3,4,5,6,7,8,9,10,11,12,13,14,15,122,165,52,25,122,165,52,25,21
0,1,2,3,4,5,6,7,8,9,10,11,12,13,14,15,100,180,80,0,100,180,80,0,22
0,1,2,3,4,5,6,7,8,9,10,11,12,13,14,15,20,180,52,0,20,180,52,0,23
0,1,2,3,4,5,6,7,8,9,10,11,12,13,14,15,20,0,174,54,20,0,174,54,24
0,1,2,3,4,5,6,7,8,9,10,11,12,13,14,15,10,60,80,144,10,60,80,144,25
0,1,2,3,4,5,6,7,8,9,10,11,12,13,14,15,52,25,122,165,52,25,122,165,26
0,1,2,3,4,5,6,7,8,9,10,11,12,13,14,15,80,0,100,180,80,0,100,180,27
0,1,2,3,4,5,6,7,8,9,10,11,12,13,14,15,52,0,20,180,52,0,20,180,28
0,1,2,3,4,5,6,7,8,9,10,11,12,13,14,15,174,54,20,0,174,54,20,0,29
0,1,2,3,4,5,6,7,8,9,10,11,12,13,14,15,80,144,10,60,80,144,10,60,30