[[0.05548582,0.02778726, -0.01589502, -0.06374404, -0.08504553, -0.0641136, 0.0776632, -0.01730579,0.10843946,0.03597338,0.16130424,0.00210581,-0.06405972,0.02267876, -0.13164678],
 [0.02848594, -0.02683596, -0.19838869,0.29124055,0.10038628,0.01980106, 0.1319754,-0.22638672, -0.05542291, -0.03173225,0.15285969,0.16722815,-0.02629527,0.0644462,-0.00946523],
 [-0.00060483, -0.02187964,0.09791141, -0.22468503, -0.06494231,0.09037158, 0.07670161, -0.06110922, -0.09655587,0.00454294, -0.18251117,0.14209855,-0.07728468, -0.07052926,0.0474957],
 [0.13814465, -0.06073175,0.128225,0.11873651,0.11415548, -0.20250982,0.01757645, -0.36515054,0.01012128,0.06888453,0.0156512,-0.05329776,0.06211236,0.02860703,0.12729523],
 [-0.04836605,0.00095809, -0.00202538, -0.13966033,0.09955836,0.01663016,-0.23158175,0.0156818,-0.09565041,0.03201035,0.09822361, -0.09454711,-0.1074514,-0.0638071, 0.1520668],
 [-0.15017977,0.03273196, -0.07257175,0.24410137, -0.04956509,0.07540333, 0.00223938,0.14363916,0.15258964,0.01201355,0.00599402, -0.10085107,-0.07844161,0.03752311, -0.04527575],
 [0.03470215, -0.04733576,0.16142548, -0.13937673, -0.09426414,0.06623054,-0.04128143,0.06739952, -0.00135451, -0.06765481, -0.12590869, -0.03249442, 0.0837373, 0.06530871, -0.0655105],
 [0.06749868, -0.07697757,0.06174701,0.04862939, -0.02807671,0.09077639, 0.11329789,0.11512266,0.12177555, -0.05751877, -0.04180153,0.01602611,-0.30260731,0.16748067,0.13528352],
 [-0.09993128, -0.0181117, 0.1213119, 0.00312246,0.16375998,0.14131907,-0.06779393, -0.14632752,0.02663868,0.1211977,-0.07874915, -0.06697787,-0.11163643,0.00169809,0.02749327],
 [0.07910397,0.07217629, -0.06027431, -0.03026013,0.03685247,0.03135176,-0.07492236, -0.0092189,-0.11363768,0.04397194, -0.11787862,0.11638195,-0.07853223, -0.05285147,0.02659188],
 [-0.00123026, -0.04679833,0.09654201,0.09560437, -0.1478075,-0.03989413,-0.07542643, -0.0354101, 0.05295304,0.17503728, -0.05489992,0.03140681, 0.15410353, -0.04881198, -0.23250205],
 [-0.07351681,0.01750389,0.18641236, -0.03505071,0.0246363,-0.11077128, 0.12480808, -0.17637541,0.04914335,0.07420309,0.00052696,0.0665065,-0.05338109, -0.03074401, -0.24273489],
 [-0.01447765,0.05137585,0.12045024, -0.05132037, -0.01794276,0.12601692, 0.18094388,0.05407477,0.00139147,0.16423118, -0.13512227,0.04130758,-0.0603018, 0.14080254, -0.076556,],
 [0.08634523,0.12423814,0.04076784,0.20576327,0.02930062, -0.2201346,-0.05495059, -0.09960871,0.08881476,0.14366781,0.0936378, 0.15096616, 0.21388115, -0.09428805, -0.0205556],
 [0.2089616,-0.09109709,0.03556977,0.06316592, -0.05565412,0.09959853,-0.0308624,-0.02279974, -0.06513741, -0.11034112,0.11761183, -0.05551424, 0.069417, -0.19547076, -0.03133406],
 [0.03744193, -0.09422897,0.02929889,0.09522358,0.02906259,0.03210397,-0.03976357, -0.01716436, -0.12630022,0.05875975,0.0497502, 0.01313485, 0.01547067, -0.11107397,0.07053203]]