89.0,90.0,89.0,90.0,90.0,89.0,90.0,89.0,90.0,90.0,90.0,89.0,90.0,90.0,89.0,90.0,0.00025248818546062454,1664311460.1317594
89.0,90.0,89.0,90.0,90.0,89.0,90.0,89.0,89.0,90.0,90.0,89.0,89.0,89.0,88.0,89.0,0.0001676659965364923,1664311525.9756963
88.0,90.0,88.0,89.0,90.0,88.0,90.0,88.0,89.0,90.0,89.0,89.0,89.0,89.0,88.0,89.0,0.0012973360694947535,1664311591.8922527
88.0,90.0,88.0,89.0,90.0,88.0,89.0,88.0,89.0,89.0,88.0,89.0,89.0,88.0,88.0,88.0,0.00012137696298339157,1664311657.7739906
89.0,89.0,87.0,90.0,90.0,87.0,88.0,89.0,90.0,88.0,89.0,89.0,88.0,88.0,87.0,87.0,0.00039163521961152925,1664311723.663125
89.0,89.0,87.0,89.0,90.0,87.0,88.0,89.0,90.0,88.0,89.0,89.0,88.0,88.0,87.0,87.0,0.00018129239733784034,1664311789.539711
89.0,89.0,88.0,88.0,89.0,88.0,89.0,90.0,90.0,87.0,89.0,89.0,88.0,88.0,87.0,86.0,0.00013580814589676902,1664311855.4475584
89.0,89.0,88.0,87.0,88.0,88.0,89.0,90.0,90.0,87.0,89.0,88.0,88.0,88.0,87.0,85.0,0.0004254098564357624,1664311921.368452
88.0,88.0,87.0,86.0,88.0,87.0,88.0,90.0,89.0,86.0,88.0,88.0,89.0,89.0,86.0,86.0,0.00029445297942233914,1664311987.2800477
88.0,87.0,87.0,85.0,88.0,87.0,87.0,90.0,89.0,86.0,88.0,88.0,89.0,89.0,86.0,86.0,0.000565977991614848,1664312053.193228
